[verifier]
dataModel =auto
checkEdge=1
checkArbor=0
checkHolder=1
showComparison=0
accuracy=50
selectionMode=off

RestoreProgramSpecificParams=0
indicateInvalidGougeList=0
disablemenuwindows=0
checkNCEdge=0
cutEdge=1
cutNCEdge=1
cutArbor=1
cutHolder=1
maxNoOfDisplayedGouges=0
maxNoOfDisplayedExcesses=0
changeFluteColor=0
minsamples3+2axisDM=200
medsamples3+2axisDM=400
maxsamples3+2axisDM=800
disable=0
RemoveSmallChipsAutoBasedOnVolume=0
RemoveChipsSelectionMode=1
RemoveChipsVolumeThreshHold=0.000000
precautoadjustmentenable=1
autoQualityDrawEnable=1
drawMode=operation
toolNumberColorScheme=0.682353,0.776471,0.839216;
operationNumberColorScheme=
comparisonColorScheme=auto
gougeExcessColorScheme=1.000000,0.000000,0.000000;0.000000,0.494118,0.000000;0.000000,0.329412,1.000000;
markPartsColorScheme=1.000000,0.000000,0.501961;1.000000,0.501961,0.000000;0.000000,1.000000,0.501961;0.000000,0.501961,0.101961;0.501961,0.000000,1.000000;0.501961,1.000000,0.000000;0.501961,0.000000,0.000000;0.501961,0.501961,0.000000;1.000000,0.501961,1.000000;0.501961,0.000000,0.501961;0.000000,1.000000,0.000000;0.000000,0.501961,0.501961;0.000000,0.000000,0.501961;0.501961,1.000000,1.000000;1.000000,1.000000,0.000000;0.501961,1.000000,0.501961;0.501961,0.501961,1.000000;0.000000,0.501961,0.501961;1.000000,1.000000,0.501961;1.000000,0.000000,0.000000;
lengthColorScheme=auto
heightchangeColorScheme=auto
orientationchangeColorScheme=auto
removedmaterialColorScheme=0.000000,0.764706,0.764706;
textureUncutWidth=80.000000
textureUncutHeight=80.000000
textureCutWidth=16.000000
textureCutHeight=16.000000
deviationGraphicOffset=0.000000
STLResolutionForToolChangeBasedSave=0.000000
STLResolutionForToolChangeBasedSaveCheck=0
STLNameForToolChangeBasedSave=0
STLFileNameForManualSave=
showGougeExcessForUncut=0
displayunitsystem=metric
ShowTexturePlusCollisions=0
keepEntries=0
TrueThreadsOptionVisible=1
HolderCollisionTolerance=0.000000
RapidCollisionTolerance=0.030000
[program_specific]
toolNumberColorScheme=1.000000,0.682353,0.776471,0.839216;
operationNumberColorScheme=
comparisonColorScheme=auto
gougeExcessColorScheme=-0.180000,1.000000,0.000000,0.000000;0.180000,0.000000,0.494118,0.000000;max,0.000000,0.329412,1.000000;
markPartsColorScheme=1.000000,1.000000,0.000000,0.501961;2.000000,1.000000,0.501961,0.000000;3.000000,0.000000,1.000000,0.501961;4.000000,0.000000,0.501961,0.101961;5.000000,0.501961,0.000000,1.000000;6.000000,0.501961,1.000000,0.000000;7.000000,0.501961,0.000000,0.000000;8.000000,0.501961,0.501961,0.000000;9.000000,1.000000,0.501961,1.000000;10.000000,0.501961,0.000000,0.501961;11.000000,0.000000,1.000000,0.000000;12.000000,0.000000,0.501961,0.501961;13.000000,0.000000,0.000000,0.501961;14.000000,0.501961,1.000000,1.000000;15.000000,1.000000,1.000000,0.000000;16.000000,0.501961,1.000000,0.501961;17.000000,0.501961,0.501961,1.000000;18.000000,0.000000,0.501961,0.501961;19.000000,1.000000,1.000000,0.501961;20.000000,1.000000,0.000000,0.000000;
lengthColorScheme=auto
heightchangeColorScheme=auto
orientationchangeColorScheme=auto
removedmaterialColorScheme=1.000000,0.000000,0.764706,0.764706;
GEOffsetToTarget=0.000000
GERelativeThreshold=0.180000
partPoints=
STLResolutionForManualSave=0.000000
SectionPlaneEnable=0
SectionPlaneShift=0.000000
SectionPlaneNormal=0.000000,1.000000,0.000000
[verifier1]
dataModel=auto
keepEntries=0
TrueThreadsOptionVisible=1
HolderCollisionTolerance=0.0
RapidCollisionTolerance=0.030000
checkNCEdge=0
checkEdge=1
checkArbor=0
checkHolder=1
accuracy=50
cutEdge=1
cutNCEdge=1
cutArbor=1
cutHolder=0
[verifier2]
dataModel=auto
keepEntries=0
TrueThreadsOptionVisible=1
HolderCollisionTolerance=0.0
RapidCollisionTolerance=0.030000
checkNCEdge=0
checkEdge=1
checkArbor=0
checkHolder=1
accuracy=50
cutEdge=1
cutNCEdge=1
cutArbor=1
cutHolder=0
